image_width: 640
image_height: 480
camera_name: depth_1306260132
camera_matrix:
  rows: 3
  cols: 3
  data: [563.8199298601323, 0, 334.4848317515093, 0, 563.0298564162409, 232.7368868886523, 0, 0, 1]
distortion_model: rational_polynomial
distortion_coefficients:
  rows: 1
  cols: 8
  data: [-0.1102434076708207, -1.24128545330373, -0.007707195578648607, 0.007117094914074712, 0.1703439683990912, -0.07013840606115915, -1.18089670323019, -0.00789789348432356]
rectification_matrix:
  rows: 3
  cols: 3
  data: [1, 0, 0, 0, 1, 0, 0, 0, 1]
projection_matrix:
  rows: 3
  cols: 4
  data: [555.2380981445312, 0, 338.3670469807294, 0, 0, 557.1256103515625, 229.5280974538218, 0, 0, 0, 1, 0]