image_width: 640
image_height: 480
camera_name: depth_1402240420
camera_matrix:
  rows: 3
  cols: 3
  data: [558.7906400186253, 0, 329.6029575972231, 0, 558.9731418821654, 230.9579249406975, 0, 0, 1]
distortion_model: plumb_bob
distortion_coefficients:
  rows: 1
  cols: 5
  data: [-0.03278464359318092, -0.009484646751945542, -0.001633623645281803, 0.008217048718519658, 0]
rectification_matrix:
  rows: 3
  cols: 3
  data: [1, 0, 0, 0, 1, 0, 0, 0, 1]
projection_matrix:
  rows: 3
  cols: 4
  data: [550.3755493164062, 0, 334.1317548610459, 0, 0, 555.0775756835938, 229.765675497787, 0, 0, 0, 1, 0]