image_width: 640
image_height: 480
camera_name: depth_1402240420
camera_matrix:
  rows: 3
  cols: 3
  data: [578.8534237214133, 0, 312.5123231266375, 0, 577.2001408588477, 243.2847324790532, 0, 0, 1]
distortion_model: plumb_bob
distortion_coefficients:
  rows: 1
  cols: 5
  data: [-0.01959736498381798, -0.006698585266085741, 0.0002695254429480029, -0.001127014704905382, 0]
rectification_matrix:
  rows: 3
  cols: 3
  data: [1, 0, 0, 0, 1, 0, 0, 0, 1]
projection_matrix:
  rows: 3
  cols: 4
  data: [574.0006713867188, 0, 311.297525691989, 0, 0, 573.8884887695312, 242.8849906910091, 0, 0, 0, 1, 0]