image_width: 640
image_height: 480
camera_name: rgb_1402240420
camera_matrix:
  rows: 3
  cols: 3
  data: [533.5674011502518, 0, 329.511944773772, 0, 532.6630066731856, 232.7977669436286, 0, 0, 1]
distortion_model: plumb_bob
distortion_coefficients:
  rows: 1
  cols: 5
  data: [0.03047044047250301, -0.1184501630582752, -0.007960770742074746, 0.007806912009318157, 0]
rectification_matrix:
  rows: 3
  cols: 3
  data: [1, 0, 0, 0, 1, 0, 0, 0, 1]
projection_matrix:
  rows: 3
  cols: 4
  data: [530.106689453125, 0, 334.2458009977563, 0, 0, 533.1441040039062, 229.3663529598507, 0, 0, 0, 1, 0]