image_width: 640
image_height: 480
camera_name: rgb_1306260132
camera_matrix:
  rows: 3
  cols: 3
  data: [530.6332318250109, 0, 333.7312982161939, 0, 532.4556146338128, 227.1152415404497, 0, 0, 1]
distortion_model: rational_polynomial
distortion_coefficients:
  rows: 1
  cols: 8
  data: [-0.1663393475043508, -0.1933209934360927, -0.005545879714798528, 0.002700226005951449, 1.014480050904883, -0.2043042121642049, 0.04352611009700293, 0.8042821268809937]
rectification_matrix:
  rows: 3
  cols: 3
  data: [1, 0, 0, 0, 1, 0, 0, 0, 1]
projection_matrix:
  rows: 3
  cols: 4
  data: [525.5858154296875, 0, 335.4001636798566, 0, 0, 530.6585083007812, 224.5784506202945, 0, 0, 0, 1, 0]