image_width: 640
image_height: 480
camera_name: rgb_1402240420
camera_matrix:
  rows: 3
  cols: 3
  data: [540.6029908984228, 0, 310.4312449726577, 0, 539.4160105337285, 240.7825637222934, 0, 0, 1]
distortion_model: plumb_bob
distortion_coefficients:
  rows: 1
  cols: 5
  data: [0.04152504314779554, -0.1143618493248055, -0.0004144450445384716, 0.0008058653848406314, 0]
rectification_matrix:
  rows: 3
  cols: 3
  data: [1, 0, 0, 0, 1, 0, 0, 0, 1]
projection_matrix:
  rows: 3
  cols: 4
  data: [540.0421142578125, 0, 310.1502372448522, 0, 0, 540.3568725585938, 240.1458253269248, 0, 0, 0, 1, 0]