image_width: 640
image_height: 480
camera_name: rgb_1402240420
camera_matrix:
  rows: 3
  cols: 3
  data: [544.6632929474957, 0, 323.0029446881378, 0, 545.7573678900935, 249.2562344331345, 0, 0, 1]
distortion_model: plumb_bob
distortion_coefficients:
  rows: 1
  cols: 5
  data: [0.08394654773347561, -0.2061861264239588, 0.004989854698869334, 0.00347111060950746, 0]
rectification_matrix:
  rows: 3
  cols: 3
  data: [1, 0, 0, 0, 1, 0, 0, 0, 1]
projection_matrix:
  rows: 3
  cols: 4
  data: [546.4127807617188, 0, 324.6619702109638, 0, 0, 549.760986328125, 250.4921554177708, 0, 0, 0, 1, 0]